19
59
60
61
62
74
79
80
81
82
83
91
93
94
96
97
101
102
103
104
106
107
109
110
111
114
119
121
123
126
128
136
137
138
141
142
147
212
222
224
250
260
262
263
264
265
271
272
275
276
277
278
279
280
281
282
283
284
286
287
288
290
291
293
294
296
297
298
302
306
310
312
313
314
315
316
317
318
319
320
321
322
323
325
326
327
328
331
332
333
334
335
336
337
338
339
340
341
342
343
346
347
348
349
352
353
354
355
357
358
359
362
363
364
367
369
371
372
373
374
375
376
377
378
379
380
381
382
383
386
387
388
391
394
395
396
398
399
400
401
402
403
404
409
410
411
413
414
415
417
419
420
421
423
424
427
428
429
430
431
432
434
435
436
437
438
440
441
442
443
444
446
447
448
449
450
451
452
453
454
455
456
457
458
459
460
461
462
463
464
469
480
487
489
490
491
492
493
495
496
497
498
499
501
505
506
507
509
510
511
512
513
516
523
526
536
546
561
563
565
566
568
571
572
592
595
596
608
616
628
631
635
636
678
680
689
690
692
701
704
706
713
714
725
727
734
741
746
747
748
749
1034
1035
1036
1037
1038
1050
1053
1054
1057
1092
1095
1102
1111
1112
1113
1137
1140
1152
1153
1156
1158
1161
1163
1165
1166
1167
1168
1170
1172
1173
1174
1175
1176
1187
1192
1194
1195
1200
1203
1211
1215
1226
1228
1245
1246
1248
1250
1253
1254
1256
1257
1258
1262
1263
1264
1267
1271
1311
1315
1321
1326
1330
1367
1370
1389
1391
1394
1423
1428
1429
1431
1432
1434
1466
1473
1518
1519
1549
1551
1553
1554
1555
1556
1557
1558
1560
1562
1563
1564
1566
1567
1569
1570
1571
1572
1573
1574
1575
1576
1577
1584
1585
1589
1590
1591
1592
1593
1603
1604
1605
1607
1608
1609
1610
1611
1612
1613
1614
1615
1618
1619
1620
1623
1624
1625
1626
1627
1628
1629
1630
1631
1632
1637
1638
1640
1641
1642
1644
1646
1647
1648
1655
1659
1660
1661
1662
1663
1664
1665
1666
1667
1668
1669
1670
1671
1672
1673
1674
1676
1677
1678
1679
1680
1682
1683
1684
1685
1686
1688
1689
1690
1691
1692
1693
1695
1697
1698
1699
1700
1701
1702
1703
1704
1705
1706
1707
1708
1709
1710
1711
1728
1730
1731
1752
1759
1760
1761
1762
1764
1765
1766
1767
1768
1769
1772
1774
1775
1776
1777
1778
1779
1782
1783
1784
1787
1788
1789
1790
1792
1793
1794
1795
1796
1797
1799
1804
1807
1811
1814
1818
1822
1826
1827
1828
1829
1836
1837
1838
1839
1840
1841
1843
1845
1846
1848
1850
1851
1854
1855
1856
1857
1858
1859
1862
1863
1864
1865
1866
1867
1868
1870
1872
1874
1876
1877
1878
1879
1880
1881
1882
1883
1884
1885
1886
1887
1888
1889
1890
1891
1894
1895
1896
1898
1901
1902
1903
1904
1905
1906
1907
1908
1909
1910
1912
1914
1915
1916
1917
1918
1919
1920
1922
1924
1925
1948
1949
1950
1951
1952
1953
1954
1955
1956
1957
1958
1959
1960
1961
1962
1963
1966
1969
1971
1972
1973
1976
1978
1979
1981
1982
1983
1984
1985
1986
1988
1989
1990
1991
1992
1993
1994
1995
1996
1997
1998
1999
2001
2007
2011
2014
2047
2048
2049
2054
2055
2057
2058
2059
2060
2067
2069
2070
2071
2072
2073
2074
2075
2076
2077
2078
2079
2080
2081
2084
2094
2103
2104
2122
2134
2135
2137
2138
2139
2140
2141
2142
2144
2145
2146
2149
2151
2153
2166
2167
2184
2187
2188
2189
2190
2191
2192
2196
2198
2199
2201
2202
2203
2204
2218
2227
2229
2233
2234
2235
2236
2237
2238
2239
2240
2241
2252
2253
2254
3002
3004
3005
3006
3007
3008
3009
3010
3012
3013
3014
3015
3016
3018
3019
3020
3021
3069
3070
3077
3110
3111
3112
3113
3115
3116
3117
3118
3119
3120
3121
3122
3123
3124
3126
3127
3128
3129
3130
3143
3145
3146
3153
3155
3179
3232
3252
3327
3362
3363
3368
3379
3381
3404
3405
3413
3415
3418
3425
3428
3432
3436
3437
3446
3447
3448
3449
3450
3453
3455
3457
3465
3475
3485
3487
3488
3489
3496
3510
3511
3512
3524
3525
3529
3541
3546
3550
3590
3592
3593
3594
3625
3631
3634
3637
3643
3644
3665
3668
3672
3674
3677
3681
3703
3742
3755
3779
3792
3805
3806
3815
3816
3817
3819
3820
3821
3822
3823
3824
3825
3826
3827
3828
3829
3830
3831
3832
3833
3834
3835
3836
3841
3842
3863
3864
3865
3866
3867
3868
3869
3870
3871
3872
3873
3874
3889
3903
3916
3935
3936
3937
3938
3939
3940
3941
3942
3943
3944
3945
3946
3947
3948
3949
3950
3952
3953
3954
3955
3956
3957
3958
3959
3960
3961
3962
3963
3964
3965
3966
3969
3973
3976
3977
3979
3980
3981
3982
3983
3984
3996
3997
3998
4002
4016
4018
4023
4025
4026
4038
4043
4060
4061
4068
4069
4077
4085
4087
4099
4112
4126
4133
4137
4155
4163
4176
4180
4191
4192
4194
4206
4217
4235
4240
4241
4248
4249
4250
4256
4282
4286
4287
4288
4289
4290
4291
4292
4295
4296
4297
4298
4299
4300
4301
4303
4304
4305
4306
4307
4308
4309
4310
4311
4312
4313
4314
4315
4316
4317
4318
4319
4320
4321
4322
4323
4324
4325
4332
4335
4336
4339
4340
4341
4342
4343
4344
4345
4346
4347
4348
4349
4350
4351
4352
4353
4354
4355
4356
4357
4358
4359
4360
4361
4362
4363
4366
4367
4373
4374
4382
4395
4396
4397
4398
4399
4401
4404
4405
4406
4407
4408
4409
4410
4411
4412
4413
4415
4416
4417
4418
4419
4420
4421
4422
4423
4453
4454
4455
4456
4457
4458
4459
4460
4465
4482
4487
4490
4491
4492
4493
4494
4495
4496
4500
4503
4506
4507
4508
4509
4513
4514
4515
4517
4518
4519
4520
4521
4522
4523
4524
4525
4526
4527
4530
4531
4532
4533
4534
4535
4536
4537
4538
4539
4540
4541
4542
4543
4544
4545
4546
4547
4555
4563
4570
4572
4573
4576
4578
4580
4581
4582
4583
4584
4585
4586
4594
4595
4596
4597
4598
4599
4600
4601
4602
4603
4604
4605
4606
4607
4608
4609
4610
4611
4612
4613
4614
4615
4616
4617
4618
4619
4620
4621
4624
4639
4669
4670
4680
4725
4726
4756
4757
4762
4770
4771
4773
4788
4789
4790
4791
4792
4793
4794
4795
4796
4797
5181
5194
